ram
(0.0)
    px_width
    (0.0)
        int_memory
        (0.0)
            0.0
        (1.0)
            n_cores
            (1.0)
                0.0
            (2.0)
                0.0
            (3.0)
                0.0
            (4.0)
                0.0
            (5.0)
                clock_speed
                (0.0)
                    0.0
                (2.0)
                    1.0
            (6.0)
                0.0
            (7.0)
                0.0
            (8.0)
                battery_power
                (1.0)
                    0.0
                (3.0)
                    1.0
        (2.0)
            0.0
        (3.0)
            0.0
    (1.0)
        mobile_wt
        (0.0)
            three_g
            (0.0)
                fc
                (0.0)
                    0.0
                (1.0)
                    0.0
                (2.0)
                    0.0
                (3.0)
                    1.0
            (1.0)
                0.0
        (1.0)
            0.0
        (2.0)
            px_height
            (0.0)
                talk_time
                (0.0)
                    0.0
                (1.0)
                    0.0
                (2.0)
                    0.0
                (3.0)
                    1.0
            (1.0)
                0.0
            (2.0)
                m_dep
                (0.0)
                    1.0
                (3.0)
                    0.0
            (3.0)
                pc
                (0.0)
                    blue
                    (0.0)
                        0.0
                    (1.0)
                        1.0
                (1.0)
                    1.0
                (2.0)
                    0.0
        (3.0)
            0.0
    (2.0)
        sc_h
        (0.0)
            sc_w
            (0.0)
                touch_screen
                (0.0)
                    dual_sim
                    (0.0)
                        four_g
                        (0.0)
                            0.0
                        (1.0)
                            wifi
                            (0.0)
                                0.0
                    (1.0)
                        1.0
                (1.0)
                    0.0
            (1.0)
                0.0
            (2.0)
                0.0
        (1.0)
            0.0
        (2.0)
            0.0
        (3.0)
            0.0
    (3.0)
        0.0
(1.0)
    1.0
(2.0)
    2.0
(3.0)
    3.0